TITLE = "Sun2012 Fig.3 isotherms at x*=0.5"
VARIABLES = "Y", "Z", "T"
ZONE T="0.015", I=33, J=33, F=POINT
0.00000000e+00 0.00000000e+00 7.50000000e-01
1.61290323e-02 0.00000000e+00 5.00000000e-01
4.83870968e-02 0.00000000e+00 5.00000000e-01
8.06451613e-02 0.00000000e+00 5.00000000e-01
1.12903226e-01 0.00000000e+00 5.00000000e-01
1.45161290e-01 0.00000000e+00 5.00000000e-01
1.77419355e-01 0.00000000e+00 5.00000000e-01
2.09677419e-01 0.00000000e+00 5.00000000e-01
2.41935484e-01 0.00000000e+00 5.00000000e-01
2.74193548e-01 0.00000000e+00 5.00000000e-01
3.06451613e-01 0.00000000e+00 5.00000000e-01
3.38709677e-01 0.00000000e+00 5.00000000e-01
3.70967742e-01 0.00000000e+00 5.00000000e-01
4.03225806e-01 0.00000000e+00 5.00000000e-01
4.35483871e-01 0.00000000e+00 5.00000000e-01
4.67741935e-01 0.00000000e+00 5.00000000e-01
5.00000000e-01 0.00000000e+00 5.00000000e-01
5.32258065e-01 0.00000000e+00 5.00000000e-01
5.64516129e-01 0.00000000e+00 5.00000000e-01
5.96774194e-01 0.00000000e+00 5.00000000e-01
6.29032258e-01 0.00000000e+00 5.00000000e-01
6.61290323e-01 0.00000000e+00 5.00000000e-01
6.93548387e-01 0.00000000e+00 5.00000000e-01
7.25806452e-01 0.00000000e+00 5.00000000e-01
7.58064516e-01 0.00000000e+00 5.00000000e-01
7.90322581e-01 0.00000000e+00 5.00000000e-01
8.22580645e-01 0.00000000e+00 5.00000000e-01
8.54838710e-01 0.00000000e+00 5.00000000e-01
8.87096774e-01 0.00000000e+00 5.00000000e-01
9.19354839e-01 0.00000000e+00 5.00000000e-01
9.51612903e-01 0.00000000e+00 5.00000000e-01
9.83870968e-01 0.00000000e+00 5.00000000e-01
1.00000000e+00 0.00000000e+00 5.00000000e-01
0.00000000e+00 1.61290323e-02 1.00000000e+00
1.61290323e-02 1.61290323e-02 7.58043351e-01
4.83870968e-02 1.61290323e-02 6.86218135e-01
8.06451613e-02 1.61290323e-02 6.38335572e-01
1.12903226e-01 1.61290323e-02 6.07232541e-01
1.45161290e-01 1.61290323e-02 5.86368417e-01
1.77419355e-01 1.61290323e-02 5.71808980e-01
2.09677419e-01 1.61290323e-02 5.61205808e-01
2.41935484e-01 1.61290323e-02 5.53147380e-01
2.74193548e-01 1.61290323e-02 5.46780426e-01
3.06451613e-01 1.61290323e-02 5.41584560e-01
3.38709677e-01 1.61290323e-02 5.37236578e-01
3.70967742e-01 1.61290323e-02 5.33529175e-01
4.03225806e-01 1.61290323e-02 5.30323196e-01
4.35483871e-01 1.61290323e-02 5.27520294e-01
4.67741935e-01 1.61290323e-02 5.25047614e-01
5.00000000e-01 1.61290323e-02 5.22849265e-01
5.32258065e-01 1.61290323e-02 5.20881399e-01
5.64516129e-01 1.61290323e-02 5.19109119e-01
5.96774194e-01 1.61290323e-02 5.17504231e-01
6.29032258e-01 1.61290323e-02 5.16043418e-01
6.61290323e-01 1.61290323e-02 5.14706595e-01
6.93548387e-01 1.61290323e-02 5.13475406e-01
7.25806452e-01 1.61290323e-02 5.12331841e-01
7.58064516e-01 1.61290323e-02 5.11256919e-01
7.90322581e-01 1.61290323e-02 5.10229632e-01
8.22580645e-01 1.61290323e-02 5.09224439e-01
8.54838710e-01 1.61290323e-02 5.08203545e-01
8.87096774e-01 1.61290323e-02 5.07125153e-01
9.19354839e-01 1.61290323e-02 5.05932172e-01
9.51612903e-01 1.61290323e-02 5.04567113e-01
9.83870968e-01 1.61290323e-02 5.03034699e-01
1.00000000e+00 1.61290323e-02 5.00000000e-01
0.00000000e+00 4.83870968e-02 1.00000000e+00
1.61290323e-02 4.83870968e-02 8.30148958e-01
4.83870968e-02 4.83870968e-02 7.60012425e-01
8.06451613e-02 4.83870968e-02 7.02408447e-01
1.12903226e-01 4.83870968e-02 6.64143465e-01
1.45161290e-01 4.83870968e-02 6.37206078e-01
1.77419355e-01 4.83870968e-02 6.17289026e-01
2.09677419e-01 4.83870968e-02 6.01926769e-01
2.41935484e-01 4.83870968e-02 5.89641684e-01
2.74193548e-01 4.83870968e-02 5.79526657e-01
3.06451613e-01 4.83870968e-02 5.71012311e-01
3.38709677e-01 4.83870968e-02 5.63729477e-01
3.70967742e-01 4.83870968e-02 5.57427341e-01
4.03225806e-01 4.83870968e-02 5.51925756e-01
4.35483871e-01 4.83870968e-02 5.47088360e-01
4.67741935e-01 4.83870968e-02 5.42807814e-01
5.00000000e-01 4.83870968e-02 5.38997655e-01
5.32258065e-01 4.83870968e-02 5.35587440e-01
5.64516129e-01 4.83870968e-02 5.32519386e-01
5.96774194e-01 4.83870968e-02 5.29745575e-01
6.29032258e-01 4.83870968e-02 5.27225350e-01
6.61290323e-01 4.83870968e-02 5.24922755e-01
6.93548387e-01 4.83870968e-02 5.22803962e-01
7.25806452e-01 4.83870968e-02 5.20834854e-01
7.58064516e-01 4.83870968e-02 5.18978810e-01
7.90322581e-01 4.83870968e-02 5.17197678e-01
8.22580645e-01 4.83870968e-02 5.15446796e-01
8.54838710e-01 4.83870968e-02 5.13641523e-01
8.87096774e-01 4.83870968e-02 5.11703115e-01
9.19354839e-01 4.83870968e-02 5.09504040e-01
9.51612903e-01 4.83870968e-02 5.06961819e-01
9.83870968e-01 4.83870968e-02 5.04380337e-01
1.00000000e+00 4.83870968e-02 5.00000000e-01
0.00000000e+00 8.06451613e-02 1.00000000e+00
1.61290323e-02 8.06451613e-02 8.73479903e-01
4.83870968e-02 8.06451613e-02 8.15198560e-01
8.06451613e-02 8.06451613e-02 7.58939445e-01
1.12903226e-01 8.06451613e-02 7.16830370e-01
1.45161290e-01 8.06451613e-02 6.85090241e-01
1.77419355e-01 8.06451613e-02 6.60412926e-01
2.09677419e-01 8.06451613e-02 6.40643691e-01
2.41935484e-01 8.06451613e-02 6.24387861e-01
2.74193548e-01 8.06451613e-02 6.10736930e-01
3.06451613e-01 8.06451613e-02 5.99089573e-01
3.38709677e-01 8.06451613e-02 5.89035439e-01
3.70967742e-01 8.06451613e-02 5.80281630e-01
4.03225806e-01 8.06451613e-02 5.72608208e-01
4.35483871e-01 8.06451613e-02 5.65842523e-01
4.67741935e-01 8.06451613e-02 5.59844903e-01
5.00000000e-01 8.06451613e-02 5.54500571e-01
5.32258065e-01 8.06451613e-02 5.49714589e-01
5.64516129e-01 8.06451613e-02 5.45408067e-01
5.96774194e-01 8.06451613e-02 5.41514773e-01
6.29032258e-01 8.06451613e-02 5.37977799e-01
6.61290323e-01 8.06451613e-02 5.34746181e-01
6.93548387e-01 8.06451613e-02 5.31771397e-01
7.25806452e-01 8.06451613e-02 5.29004199e-01
7.58064516e-01 8.06451613e-02 5.26391341e-01
7.90322581e-01 8.06451613e-02 5.23878806e-01
8.22580645e-01 8.06451613e-02 5.21399587e-01
8.54838710e-01 8.06451613e-02 5.18834044e-01
8.87096774e-01 8.06451613e-02 5.16069251e-01
9.19354839e-01 8.06451613e-02 5.12923702e-01
9.51612903e-01 8.06451613e-02 5.09313380e-01
9.83870968e-01 8.06451613e-02 5.05567508e-01
1.00000000e+00 8.06451613e-02 5.00000000e-01
0.00000000e+00 1.12903226e-01 1.00000000e+00
1.61290323e-02 1.12903226e-01 8.98371649e-01
4.83870968e-02 1.12903226e-01 8.46823434e-01
8.06451613e-02 1.12903226e-01 7.94777577e-01
1.12903226e-01 1.12903226e-01 7.52986598e-01
1.45161290e-01 1.12903226e-01 7.19730726e-01
1.77419355e-01 1.12903226e-01 6.92746086e-01
2.09677419e-01 1.12903226e-01 6.70412551e-01
2.41935484e-01 1.12903226e-01 6.51593512e-01
2.74193548e-01 1.12903226e-01 6.35502396e-01
3.06451613e-01 1.12903226e-01 6.21591827e-01
3.38709677e-01 1.12903226e-01 6.09470110e-01
3.70967742e-01 1.12903226e-01 5.98844136e-01
4.03225806e-01 1.12903226e-01 5.89483741e-01
4.35483871e-01 1.12903226e-01 5.81201171e-01
4.67741935e-01 1.12903226e-01 5.73839825e-01
5.00000000e-01 1.12903226e-01 5.67267967e-01
5.32258065e-01 1.12903226e-01 5.61374620e-01
5.64516129e-01 1.12903226e-01 5.56066161e-01
5.96774194e-01 1.12903226e-01 5.51262916e-01
6.29032258e-01 1.12903226e-01 5.46895548e-01
6.61290323e-01 1.12903226e-01 5.42901231e-01
6.93548387e-01 1.12903226e-01 5.39219483e-01
7.25806452e-01 1.12903226e-01 5.35788658e-01
7.58064516e-01 1.12903226e-01 5.32541577e-01
7.90322581e-01 1.12903226e-01 5.29412386e-01
8.22580645e-01 1.12903226e-01 5.26312616e-01
8.54838710e-01 1.12903226e-01 5.23096464e-01
8.87096774e-01 1.12903226e-01 5.19623943e-01
9.19354839e-01 1.12903226e-01 5.15678936e-01
9.51612903e-01 1.12903226e-01 5.11199724e-01
9.83870968e-01 1.12903226e-01 5.06540193e-01
1.00000000e+00 1.12903226e-01 5.00000000e-01
0.00000000e+00 1.45161290e-01 1.00000000e+00
1.61290323e-02 1.45161290e-01 9.12882756e-01
4.83870968e-02 1.45161290e-01 8.65562052e-01
8.06451613e-02 1.45161290e-01 8.17321895e-01
1.12903226e-01 1.45161290e-01 7.77024021e-01
1.45161290e-01 1.45161290e-01 7.43750425e-01
1.77419355e-01 1.45161290e-01 7.15873678e-01
2.09677419e-01 1.45161290e-01 6.92198160e-01
2.41935484e-01 1.45161290e-01 6.71843731e-01
2.74193548e-01 1.45161290e-01 6.54172415e-01
3.06451613e-01 1.45161290e-01 6.38720643e-01
3.38709677e-01 1.45161290e-01 6.25141859e-01
3.70967742e-01 1.45161290e-01 6.13164644e-01
4.03225806e-01 1.45161290e-01 6.02566193e-01
4.35483871e-01 1.45161290e-01 5.93157473e-01
4.67741935e-01 1.45161290e-01 5.84775650e-01
5.00000000e-01 1.45161290e-01 5.77280180e-01
5.32258065e-01 1.45161290e-01 5.70550217e-01
5.64516129e-01 1.45161290e-01 5.64482079e-01
5.96774194e-01 1.45161290e-01 5.58986285e-01
6.29032258e-01 1.45161290e-01 5.53984030e-01
6.61290323e-01 1.45161290e-01 5.49403244e-01
6.93548387e-01 1.45161290e-01 5.45174022e-01
7.25806452e-01 1.45161290e-01 5.41225083e-01
7.58064516e-01 1.45161290e-01 5.37478347e-01
7.90322581e-01 1.45161290e-01 5.33859945e-01
8.22580645e-01 1.45161290e-01 5.30262477e-01
8.54838710e-01 1.45161290e-01 5.26522717e-01
8.87096774e-01 1.45161290e-01 5.22480738e-01
9.19354839e-01 1.45161290e-01 5.17896032e-01
9.51612903e-01 1.45161290e-01 5.12726059e-01
9.83870968e-01 1.45161290e-01 5.07353167e-01
1.00000000e+00 1.45161290e-01 5.00000000e-01
0.00000000e+00 1.77419355e-01 1.00000000e+00
1.61290323e-02 1.77419355e-01 9.21514058e-01
4.83870968e-02 1.77419355e-01 8.77016296e-01
8.06451613e-02 1.77419355e-01 8.31743158e-01
1.12903226e-01 1.77419355e-01 7.93082007e-01
1.45161290e-01 1.77419355e-01 7.60390484e-01
1.77419355e-01 1.77419355e-01 7.32367750e-01
2.09677419e-01 1.77419355e-01 7.08088550e-01
2.41935484e-01 1.77419355e-01 6.86869414e-01
2.74193548e-01 1.77419355e-01 6.68205657e-01
3.06451613e-01 1.77419355e-01 6.51720401e-01
3.38709677e-01 1.77419355e-01 6.37121558e-01
3.70967742e-01 1.77419355e-01 6.24170282e-01
4.03225806e-01 1.77419355e-01 6.12661536e-01
4.35483871e-01 1.77419355e-01 6.02414100e-01
4.67741935e-01 1.77419355e-01 5.93266391e-01
5.00000000e-01 1.77419355e-01 5.85074952e-01
5.32258065e-01 1.77419355e-01 5.77713539e-01
5.64516129e-01 1.77419355e-01 5.71071742e-01
5.96774194e-01 1.77419355e-01 5.65052759e-01
6.29032258e-01 1.77419355e-01 5.59570270e-01
6.61290323e-01 1.77419355e-01 5.54544658e-01
6.93548387e-01 1.77419355e-01 5.49898282e-01
7.25806452e-01 1.77419355e-01 5.45552107e-01
7.58064516e-01 1.77419355e-01 5.41419345e-01
7.90322581e-01 1.77419355e-01 5.37420622e-01
8.22580645e-01 1.77419355e-01 5.33432234e-01
8.54838710e-01 1.77419355e-01 5.29279484e-01
8.87096774e-01 1.77419355e-01 5.24787039e-01
9.19354839e-01 1.77419355e-01 5.19695555e-01
9.51612903e-01 1.77419355e-01 5.13974567e-01
9.83870968e-01 1.77419355e-01 5.08036594e-01
1.00000000e+00 1.77419355e-01 5.00000000e-01
0.00000000e+00 2.09677419e-01 1.00000000e+00
1.61290323e-02 2.09677419e-01 9.26772127e-01
4.83870968e-02 2.09677419e-01 8.84235839e-01
8.06451613e-02 2.09677419e-01 8.41169358e-01
1.12903226e-01 2.09677419e-01 8.03939971e-01
1.45161290e-01 2.09677419e-01 7.71986650e-01
1.77419355e-01 2.09677419e-01 7.44163182e-01
2.09677419e-01 2.09677419e-01 7.19696337e-01
2.41935484e-01 2.09677419e-01 6.98032691e-01
2.74193548e-01 2.09677419e-01 6.78768952e-01
3.06451613e-01 2.09677419e-01 6.61602715e-01
3.38709677e-01 2.09677419e-01 6.46294259e-01
3.70967742e-01 2.09677419e-01 6.32640067e-01
4.03225806e-01 2.09677419e-01 6.20457650e-01
4.35483871e-01 2.09677419e-01 6.09578920e-01
4.67741935e-01 2.09677419e-01 5.99848594e-01
5.00000000e-01 2.09677419e-01 5.91124685e-01
5.32258065e-01 2.09677419e-01 5.83279139e-01
5.64516129e-01 2.09677419e-01 5.76197644e-01
5.96774194e-01 2.09677419e-01 5.69778269e-01
6.29032258e-01 2.09677419e-01 5.63928915e-01
6.61290323e-01 2.09677419e-01 5.58563884e-01
6.93548387e-01 2.09677419e-01 5.53599193e-01
7.25806452e-01 2.09677419e-01 5.48949483e-01
7.58064516e-01 2.09677419e-01 5.44520932e-01
7.90322581e-01 2.09677419e-01 5.40230029e-01
8.22580645e-01 2.09677419e-01 5.35939704e-01
8.54838710e-01 2.09677419e-01 5.31467094e-01
8.87096774e-01 2.09677419e-01 5.26624625e-01
9.19354839e-01 2.09677419e-01 5.21137668e-01
9.51612903e-01 2.09677419e-01 5.14982392e-01
9.83870968e-01 2.09677419e-01 5.08600062e-01
1.00000000e+00 2.09677419e-01 5.00000000e-01
0.00000000e+00 2.41935484e-01 1.00000000e+00
1.61290323e-02 2.41935484e-01 9.30061915e-01
4.83870968e-02 2.41935484e-01 8.88927790e-01
8.06451613e-02 2.41935484e-01 8.47476374e-01
1.12903226e-01 2.41935484e-01 8.11401381e-01
1.45161290e-01 2.41935484e-01 7.80153144e-01
1.77419355e-01 2.41935484e-01 7.52656514e-01
2.09677419e-01 2.41935484e-01 7.28217455e-01
2.41935484e-01 2.41935484e-01 7.06360787e-01
2.74193548e-01 2.41935484e-01 6.86752743e-01
3.06451613e-01 2.41935484e-01 6.69148028e-01
3.38709677e-01 2.41935484e-01 6.53351196e-01
3.70967742e-01 2.41935484e-01 6.39191440e-01
4.03225806e-01 2.41935484e-01 6.26509258e-01
4.35483871e-01 2.41935484e-01 6.15151698e-01
4.67741935e-01 2.41935484e-01 6.04972461e-01
5.00000000e-01 2.41935484e-01 5.95833872e-01
5.32258065e-01 2.41935484e-01 5.87608774e-01
5.64516129e-01 2.41935484e-01 5.80181387e-01
5.96774194e-01 2.41935484e-01 5.73446775e-01
6.29032258e-01 2.41935484e-01 5.67308902e-01
6.61290323e-01 2.41935484e-01 5.61677606e-01
6.93548387e-01 2.41935484e-01 5.56464066e-01
7.25806452e-01 2.41935484e-01 5.51577986e-01
7.58064516e-01 2.41935484e-01 5.46920048e-01
7.90322581e-01 2.41935484e-01 5.42403251e-01
8.22580645e-01 2.41935484e-01 5.37880551e-01
8.54838710e-01 2.41935484e-01 5.33162339e-01
8.87096774e-01 2.41935484e-01 5.28051517e-01
9.19354839e-01 2.41935484e-01 5.22261125e-01
9.51612903e-01 2.41935484e-01 5.15770906e-01
9.83870968e-01 2.41935484e-01 5.09046945e-01
1.00000000e+00 2.41935484e-01 5.00000000e-01
0.00000000e+00 2.74193548e-01 1.00000000e+00
1.61290323e-02 2.74193548e-01 9.32178678e-01
4.83870968e-02 2.74193548e-01 8.92067189e-01
8.06451613e-02 2.74193548e-01 8.51793054e-01
1.12903226e-01 2.74193548e-01 8.16616058e-01
1.45161290e-01 2.74193548e-01 7.85973829e-01
1.77419355e-01 2.74193548e-01 7.58823534e-01
2.09677419e-01 2.74193548e-01 7.34510148e-01
2.41935484e-01 2.74193548e-01 7.12602633e-01
2.74193548e-01 2.74193548e-01 6.92811782e-01
3.06451613e-01 2.74193548e-01 6.74933067e-01
3.38709677e-01 2.74193548e-01 6.58805564e-01
3.70967742e-01 2.74193548e-01 6.44285918e-01
4.03225806e-01 2.74193548e-01 6.31235249e-01
4.35483871e-01 2.74193548e-01 6.19515186e-01
4.67741935e-01 2.74193548e-01 6.08988971e-01
5.00000000e-01 2.74193548e-01 5.99524469e-01
5.32258065e-01 2.74193548e-01 5.90997037e-01
5.64516129e-01 2.74193548e-01 5.83291234e-01
5.96774194e-01 2.74193548e-01 5.76300989e-01
6.29032258e-01 2.74193548e-01 5.69928164e-01
6.61290323e-01 2.74193548e-01 5.64079887e-01
6.93548387e-01 2.74193548e-01 5.58664175e-01
7.25806452e-01 2.74193548e-01 5.53587286e-01
7.58064516e-01 2.74193548e-01 5.48745990e-01
7.90322581e-01 2.74193548e-01 5.44050160e-01
8.22580645e-01 2.74193548e-01 5.39346444e-01
8.54838710e-01 2.74193548e-01 5.34438929e-01
8.87096774e-01 2.74193548e-01 5.29123600e-01
9.19354839e-01 2.74193548e-01 5.23103960e-01
9.51612903e-01 2.74193548e-01 5.16362125e-01
9.83870968e-01 2.74193548e-01 5.09383687e-01
1.00000000e+00 2.74193548e-01 5.00000000e-01
0.00000000e+00 3.06451613e-01 1.00000000e+00
1.61290323e-02 3.06451613e-01 9.33577508e-01
4.83870968e-02 3.06451613e-01 8.94220829e-01
8.06451613e-02 3.06451613e-01 8.54804753e-01
1.12903226e-01 3.06451613e-01 8.20313368e-01
1.45161290e-01 3.06451613e-01 7.90165336e-01
1.77419355e-01 3.06451613e-01 7.63332245e-01
2.09677419e-01 3.06451613e-01 7.39177112e-01
2.41935484e-01 3.06451613e-01 7.17292550e-01
2.74193548e-01 3.06451613e-01 6.97416751e-01
3.06451613e-01 3.06451613e-01 6.79373113e-01
3.38709677e-01 3.06451613e-01 6.63026351e-01
3.70967742e-01 3.06451613e-01 6.48254743e-01
4.03225806e-01 3.06451613e-01 6.34936393e-01
4.35483871e-01 3.06451613e-01 6.22945399e-01
4.67741935e-01 3.06451613e-01 6.12153550e-01
5.00000000e-01 3.06451613e-01 6.02434105e-01
5.32258065e-01 3.06451613e-01 5.93665455e-01
5.64516129e-01 3.06451613e-01 5.85733515e-01
5.96774194e-01 3.06451613e-01 5.78532437e-01
6.29032258e-01 3.06451613e-01 5.71963560e-01
6.61290323e-01 3.06451613e-01 5.65932951e-01
6.93548387e-01 3.06451613e-01 5.60347145e-01
7.25806452e-01 3.06451613e-01 5.55110467e-01
7.58064516e-01 3.06451613e-01 5.50117375e-01
7.90322581e-01 3.06451613e-01 5.45274968e-01
8.22580645e-01 3.06451613e-01 5.40427122e-01
8.54838710e-01 3.06451613e-01 5.35371796e-01
8.87096774e-01 3.06451613e-01 5.29900494e-01
9.19354839e-01 3.06451613e-01 5.23709793e-01
9.51612903e-01 3.06451613e-01 5.16784092e-01
9.83870968e-01 3.06451613e-01 5.09622829e-01
1.00000000e+00 3.06451613e-01 5.00000000e-01
0.00000000e+00 3.38709677e-01 1.00000000e+00
1.61290323e-02 3.38709677e-01 9.34521877e-01
4.83870968e-02 3.38709677e-01 8.95723649e-01
8.06451613e-02 3.38709677e-01 8.56931734e-01
1.12903226e-01 3.38709677e-01 8.22956239e-01
1.45161290e-01 3.38709677e-01 7.93197664e-01
1.77419355e-01 3.38709677e-01 7.66633696e-01
2.09677419e-01 3.38709677e-01 7.42634786e-01
2.41935484e-01 3.38709677e-01 7.20805546e-01
2.74193548e-01 3.38709677e-01 7.00900608e-01
3.06451613e-01 3.38709677e-01 6.82762151e-01
3.38709677e-01 3.38709677e-01 6.66273463e-01
3.70967742e-01 3.38709677e-01 6.51329218e-01
4.03225806e-01 3.38709677e-01 6.37820697e-01
4.35483871e-01 3.38709677e-01 6.25631759e-01
4.67741935e-01 3.38709677e-01 6.14640921e-01
5.00000000e-01 3.38709677e-01 6.04725807e-01
5.32258065e-01 3.38709677e-01 5.95767506e-01
5.64516129e-01 3.38709677e-01 5.87653570e-01
5.96774194e-01 3.38709677e-01 5.80279136e-01
6.29032258e-01 3.38709677e-01 5.73546125e-01
6.61290323e-01 3.38709677e-01 5.67360860e-01
6.93548387e-01 3.38709677e-01 5.61629825e-01
7.25806452e-01 3.38709677e-01 5.56256769e-01
7.58064516e-01 3.38709677e-01 5.51135286e-01
7.90322581e-01 3.38709677e-01 5.46170142e-01
8.22580645e-01 3.38709677e-01 5.41205406e-01
8.54838710e-01 3.38709677e-01 5.36033216e-01
8.87096774e-01 3.38709677e-01 5.30442686e-01
9.19354839e-01 3.38709677e-01 5.24125739e-01
9.51612903e-01 3.38709677e-01 5.17069384e-01
9.83870968e-01 3.38709677e-01 5.09781736e-01
1.00000000e+00 3.38709677e-01 5.00000000e-01
0.00000000e+00 3.70967742e-01 1.00000000e+00
1.61290323e-02 3.70967742e-01 9.35166161e-01
4.83870968e-02 3.70967742e-01 8.96776796e-01
8.06451613e-02 3.70967742e-01 8.58434432e-01
1.12903226e-01 3.70967742e-01 8.24839738e-01
1.45161290e-01 3.70967742e-01 7.95378397e-01
1.77419355e-01 3.70967742e-01 7.69030355e-01
2.09677419e-01 3.70967742e-01 7.45168319e-01
2.41935484e-01 3.70967742e-01 7.23402512e-01
2.74193548e-01 3.70967742e-01 7.03497280e-01
3.06451613e-01 3.70967742e-01 6.85307347e-01
3.38709677e-01 3.70967742e-01 6.68729281e-01
3.70967742e-01 3.70967742e-01 6.53669865e-01
4.03225806e-01 3.70967742e-01 6.40030163e-01
4.35483871e-01 3.70967742e-01 6.27701143e-01
4.67741935e-01 3.70967742e-01 6.16566066e-01
5.00000000e-01 3.70967742e-01 6.06505545e-01
5.32258065e-01 3.70967742e-01 5.97402595e-01
5.64516129e-01 3.70967742e-01 5.89146164e-01
5.96774194e-01 3.70967742e-01 5.81632606e-01
6.29032258e-01 3.70967742e-01 5.74765015e-01
6.61290323e-01 3.70967742e-01 5.68450805e-01
6.93548387e-01 3.70967742e-01 5.62597411e-01
7.25806452e-01 3.70967742e-01 5.57109026e-01
7.58064516e-01 3.70967742e-01 5.51879497e-01
7.90322581e-01 3.70967742e-01 5.46811780e-01
8.22580645e-01 3.70967742e-01 5.41752187e-01
8.54838710e-01 3.70967742e-01 5.36487641e-01
8.87096774e-01 3.70967742e-01 5.30806438e-01
9.19354839e-01 3.70967742e-01 5.24397656e-01
9.51612903e-01 3.70967742e-01 5.17251177e-01
9.83870968e-01 3.70967742e-01 5.09879657e-01
1.00000000e+00 3.70967742e-01 5.00000000e-01
0.00000000e+00 4.03225806e-01 1.00000000e+00
1.61290323e-02 4.03225806e-01 9.35601602e-01
4.83870968e-02 4.03225806e-01 8.97501884e-01
8.06451613e-02 4.03225806e-01 8.59474239e-01
1.12903226e-01 4.03225806e-01 8.26150717e-01
1.45161290e-01 4.03225806e-01 7.96906137e-01
1.77419355e-01 4.03225806e-01 7.70721041e-01
2.09677419e-01 4.03225806e-01 7.46968100e-01
2.41935484e-01 4.03225806e-01 7.25259817e-01
2.74193548e-01 4.03225806e-01 7.05366172e-01
3.06451613e-01 4.03225806e-01 6.87150168e-01
3.38709677e-01 4.03225806e-01 6.70517675e-01
3.70967742e-01 4.03225806e-01 6.55384152e-01
4.03225806e-01 4.03225806e-01 6.41657601e-01
4.35483871e-01 4.03225806e-01 6.29233842e-01
4.67741935e-01 4.03225806e-01 6.17999131e-01
5.00000000e-01 4.03225806e-01 6.07835804e-01
5.32258065e-01 4.03225806e-01 5.98627952e-01
5.64516129e-01 4.03225806e-01 5.90265464e-01
5.96774194e-01 4.03225806e-01 5.82645775e-01
6.29032258e-01 4.03225806e-01 5.75673282e-01
6.61290323e-01 4.03225806e-01 5.69256818e-01
6.93548387e-01 4.03225806e-01 5.63305243e-01
7.25806452e-01 4.03225806e-01 5.57723763e-01
7.58064516e-01 4.03225806e-01 5.52407134e-01
7.90322581e-01 4.03225806e-01 5.47257035e-01
8.22580645e-01 4.03225806e-01 5.42122978e-01
8.54838710e-01 4.03225806e-01 5.36787591e-01
8.87096774e-01 4.03225806e-01 5.31039328e-01
9.19354839e-01 4.03225806e-01 5.24565713e-01
9.51612903e-01 4.03225806e-01 5.17359433e-01
9.83870968e-01 4.03225806e-01 5.09934887e-01
1.00000000e+00 4.03225806e-01 5.00000000e-01
0.00000000e+00 4.35483871e-01 1.00000000e+00
1.61290323e-02 4.35483871e-01 9.35882885e-01
4.83870968e-02 4.35483871e-01 8.97975244e-01
8.06451613e-02 4.35483871e-01 8.60154995e-01
1.12903226e-01 4.35483871e-01 8.27012355e-01
1.45161290e-01 4.35483871e-01 7.97914924e-01
1.77419355e-01 4.35483871e-01 7.71843187e-01
2.09677419e-01 4.35483871e-01 7.48168967e-01
2.41935484e-01 4.35483871e-01 7.26505403e-01
2.74193548e-01 4.35483871e-01 7.06625595e-01
3.06451613e-01 4.35483871e-01 6.88397781e-01
3.38709677e-01 4.35483871e-01 6.71734014e-01
3.70967742e-01 4.35483871e-01 6.56555602e-01
4.03225806e-01 4.35483871e-01 6.42775166e-01
4.35483871e-01 4.35483871e-01 6.30291592e-01
4.67741935e-01 4.35483871e-01 6.18992834e-01
5.00000000e-01 4.35483871e-01 6.08762032e-01
5.32258065e-01 4.35483871e-01 5.99483721e-01
5.64516129e-01 4.35483871e-01 5.91048289e-01
5.96774194e-01 4.35483871e-01 5.83353954e-01
6.29032258e-01 4.35483871e-01 5.76306233e-01
6.61290323e-01 4.35483871e-01 5.69815286e-01
6.93548387e-01 4.35483871e-01 5.63791396e-01
7.25806452e-01 4.35483871e-01 5.58140897e-01
7.58064516e-01 4.35483871e-01 5.52759639e-01
7.90322581e-01 4.35483871e-01 5.47548499e-01
8.22580645e-01 4.35483871e-01 5.42360154e-01
8.54838710e-01 4.35483871e-01 5.36974052e-01
8.87096774e-01 4.35483871e-01 5.31179234e-01
9.19354839e-01 4.35483871e-01 5.24662493e-01
9.51612903e-01 4.35483871e-01 5.17418849e-01
9.83870968e-01 4.35483871e-01 5.09962903e-01
1.00000000e+00 4.35483871e-01 5.00000000e-01
0.00000000e+00 4.67741935e-01 1.00000000e+00
1.61290323e-02 4.67741935e-01 9.36041555e-01
4.83870968e-02 4.67741935e-01 8.98244750e-01
8.06451613e-02 4.67741935e-01 8.60542230e-01
1.12903226e-01 4.67741935e-01 8.27502716e-01
1.45161290e-01 4.67741935e-01 7.98489863e-01
1.77419355e-01 4.67741935e-01 7.72484154e-01
2.09677419e-01 4.67741935e-01 7.48856684e-01
2.41935484e-01 4.67741935e-01 7.27220623e-01
2.74193548e-01 4.67741935e-01 7.07350636e-01
3.06451613e-01 4.67741935e-01 6.89117867e-01
3.38709677e-01 4.67741935e-01 6.72437909e-01
3.70967742e-01 4.67741935e-01 6.57235451e-01
4.03225806e-01 4.67741935e-01 6.43425755e-01
4.35483871e-01 4.67741935e-01 6.30909381e-01
4.67741935e-01 4.67741935e-01 6.19575113e-01
5.00000000e-01 4.67741935e-01 6.09306382e-01
5.32258065e-01 4.67741935e-01 5.99987832e-01
5.64516129e-01 4.67741935e-01 5.91510055e-01
5.96774194e-01 4.67741935e-01 5.83771718e-01
6.29032258e-01 4.67741935e-01 5.76679057e-01
6.61290323e-01 4.67741935e-01 5.70143142e-01
6.93548387e-01 4.67741935e-01 5.64075255e-01
7.25806452e-01 4.67741935e-01 5.58382554e-01
7.58064516e-01 4.67741935e-01 5.52961721e-01
7.90322581e-01 4.67741935e-01 5.47713205e-01
8.22580645e-01 4.67741935e-01 5.42491921e-01
8.54838710e-01 4.67741935e-01 5.37075386e-01
8.87096774e-01 4.67741935e-01 5.31253174e-01
9.19354839e-01 4.67741935e-01 5.24711796e-01
9.51612903e-01 4.67741935e-01 5.17447767e-01
9.83870968e-01 4.67741935e-01 5.09975178e-01
1.00000000e+00 4.67741935e-01 5.00000000e-01
0.00000000e+00 5.00000000e-01 1.00000000e+00
1.61290323e-02 5.00000000e-01 9.36096877e-01
4.83870968e-02 5.00000000e-01 8.98354757e-01
8.06451613e-02 5.00000000e-01 8.60703239e-01
1.12903226e-01 5.00000000e-01 8.27710322e-01
1.45161290e-01 5.00000000e-01 7.98737169e-01
1.77419355e-01 5.00000000e-01 7.72763387e-01
2.09677419e-01 5.00000000e-01 7.49159214e-01
2.41935484e-01 5.00000000e-01 7.27537747e-01
2.74193548e-01 5.00000000e-01 7.07674329e-01
3.06451613e-01 5.00000000e-01 6.89441347e-01
3.38709677e-01 5.00000000e-01 6.72755940e-01
3.70967742e-01 5.00000000e-01 6.57544290e-01
4.03225806e-01 5.00000000e-01 6.43722828e-01
4.35483871e-01 5.00000000e-01 6.31192849e-01
4.67741935e-01 5.00000000e-01 6.19843474e-01
5.00000000e-01 5.00000000e-01 6.09558225e-01
5.32258065e-01 5.00000000e-01 6.00221755e-01
5.64516129e-01 5.00000000e-01 5.91724727e-01
5.96774194e-01 5.00000000e-01 5.83966015e-01
6.29032258e-01 5.00000000e-01 5.76852216e-01
6.61290323e-01 5.00000000e-01 5.70294878e-01
6.93548387e-01 5.00000000e-01 5.64205837e-01
7.25806452e-01 5.00000000e-01 5.58492735e-01
7.58064516e-01 5.00000000e-01 5.53052736e-01
7.90322581e-01 5.00000000e-01 5.47786109e-01
8.22580645e-01 5.00000000e-01 5.42549001e-01
8.54838710e-01 5.00000000e-01 5.37118024e-01
8.87096774e-01 5.00000000e-01 5.31283129e-01
9.19354839e-01 5.00000000e-01 5.24730783e-01
9.51612903e-01 5.00000000e-01 5.17458222e-01
9.83870968e-01 5.00000000e-01 5.09978788e-01
1.00000000e+00 5.00000000e-01 5.00000000e-01
0.00000000e+00 5.32258065e-01 1.00000000e+00
1.61290323e-02 5.32258065e-01 9.36041172e-01
4.83870968e-02 5.32258065e-01 8.98245429e-01
8.06451613e-02 5.32258065e-01 8.60543417e-01
1.12903226e-01 5.32258065e-01 8.27504442e-01
1.45161290e-01 5.32258065e-01 7.98492109e-01
1.77419355e-01 5.32258065e-01 7.72486860e-01
2.09677419e-01 5.32258065e-01 7.48859806e-01
2.41935484e-01 5.32258065e-01 7.27224095e-01
2.74193548e-01 5.32258065e-01 7.07354373e-01
3.06451613e-01 5.32258065e-01 6.89121780e-01
3.38709677e-01 5.32258065e-01 6.72441916e-01
3.70967742e-01 5.32258065e-01 6.57239482e-01
4.03225806e-01 5.32258065e-01 6.43429750e-01
4.35483871e-01 5.32258065e-01 6.30913287e-01
4.67741935e-01 5.32258065e-01 6.19578881e-01
5.00000000e-01 5.32258065e-01 6.09309966e-01
5.32258065e-01 5.32258065e-01 5.99991187e-01
5.64516129e-01 5.32258065e-01 5.91513139e-01
5.96774194e-01 5.32258065e-01 5.83774496e-01
6.29032258e-01 5.32258065e-01 5.76681505e-01
6.61290323e-01 5.32258065e-01 5.70145244e-01
6.93548387e-01 5.32258065e-01 5.64077006e-01
7.25806452e-01 5.32258065e-01 5.58383957e-01
7.58064516e-01 5.32258065e-01 5.52962798e-01
7.90322581e-01 5.32258065e-01 5.47713972e-01
8.22580645e-01 5.32258065e-01 5.42492432e-01
8.54838710e-01 5.32258065e-01 5.37075674e-01
8.87096774e-01 5.32258065e-01 5.31253285e-01
9.19354839e-01 5.32258065e-01 5.24711781e-01
9.51612903e-01 5.32258065e-01 5.17447694e-01
9.83870968e-01 5.32258065e-01 5.09974980e-01
1.00000000e+00 5.32258065e-01 5.00000000e-01
0.00000000e+00 5.64516129e-01 1.00000000e+00
1.61290323e-02 5.64516129e-01 9.35881567e-01
4.83870968e-02 5.64516129e-01 8.97974829e-01
8.06451613e-02 5.64516129e-01 8.60154578e-01
1.12903226e-01 5.64516129e-01 8.27012046e-01
1.45161290e-01 5.64516129e-01 7.97914780e-01
1.77419355e-01 5.64516129e-01 7.71843264e-01
2.09677419e-01 5.64516129e-01 7.48169290e-01
2.41935484e-01 5.64516129e-01 7.26505984e-01
2.74193548e-01 5.64516129e-01 7.06626418e-01
3.06451613e-01 5.64516129e-01 6.88398813e-01
3.38709677e-01 5.64516129e-01 6.71735214e-01
3.70967742e-01 5.64516129e-01 6.56556924e-01
4.03225806e-01 5.64516129e-01 6.42776568e-01
4.35483871e-01 5.64516129e-01 6.30293031e-01
4.67741935e-01 5.64516129e-01 6.18994268e-01
5.00000000e-01 5.64516129e-01 6.08763421e-01
5.32258065e-01 5.64516129e-01 5.99485028e-01
5.64516129e-01 5.64516129e-01 5.91049479e-01
5.96774194e-01 5.64516129e-01 5.83355000e-01
6.29032258e-01 5.64516129e-01 5.76307111e-01
6.61290323e-01 5.64516129e-01 5.69815982e-01
6.93548387e-01 5.64516129e-01 5.63791906e-01
7.25806452e-01 5.64516129e-01 5.58141226e-01
7.58064516e-01 5.64516129e-01 5.52759802e-01
7.90322581e-01 5.64516129e-01 5.47548507e-01
8.22580645e-01 5.64516129e-01 5.42360045e-01
8.54838710e-01 5.64516129e-01 5.36973847e-01
8.87096774e-01 5.64516129e-01 5.31178966e-01
9.19354839e-01 5.64516129e-01 5.24662199e-01
9.51612903e-01 5.64516129e-01 5.17418586e-01
9.83870968e-01 5.64516129e-01 5.09962491e-01
1.00000000e+00 5.64516129e-01 5.00000000e-01
0.00000000e+00 5.96774194e-01 1.00000000e+00
1.61290323e-02 5.96774194e-01 9.35599169e-01
4.83870968e-02 5.96774194e-01 8.97500608e-01
8.06451613e-02 5.96774194e-01 8.59472722e-01
1.12903226e-01 5.96774194e-01 8.26149218e-01
1.45161290e-01 5.96774194e-01 7.96904821e-01
1.77419355e-01 5.96774194e-01 7.70720041e-01
2.09677419e-01 5.96774194e-01 7.46967486e-01
2.41935484e-01 5.96774194e-01 7.25259619e-01
2.74193548e-01 5.96774194e-01 7.05366373e-01
3.06451613e-01 5.96774194e-01 6.87150723e-01
3.38709677e-01 5.96774194e-01 6.70518520e-01
3.70967742e-01 5.96774194e-01 6.55385215e-01
4.03225806e-01 5.96774194e-01 6.41658812e-01
4.35483871e-01 5.96774194e-01 6.29235133e-01
4.67741935e-01 5.96774194e-01 6.18000441e-01
5.00000000e-01 5.96774194e-01 6.07837077e-01
5.32258065e-01 5.96774194e-01 5.98629141e-01
5.64516129e-01 5.96774194e-01 5.90266529e-01
5.96774194e-01 5.96774194e-01 5.82646684e-01
6.29032258e-01 5.96774194e-01 5.75674013e-01
6.61290323e-01 5.96774194e-01 5.69257359e-01
6.93548387e-01 5.96774194e-01 5.63305595e-01
7.25806452e-01 5.96774194e-01 5.57723934e-01
7.58064516e-01 5.96774194e-01 5.52407142e-01
7.90322581e-01 5.96774194e-01 5.47256894e-01
8.22580645e-01 5.96774194e-01 5.42122731e-01
8.54838710e-01 5.96774194e-01 5.36787261e-01
8.87096774e-01 5.96774194e-01 5.31038949e-01
9.19354839e-01 5.96774194e-01 5.24565323e-01
9.51612903e-01 5.96774194e-01 5.17359095e-01
9.83870968e-01 5.96774194e-01 5.09934324e-01
1.00000000e+00 5.96774194e-01 5.00000000e-01
0.00000000e+00 6.29032258e-01 1.00000000e+00
1.61290323e-02 6.29032258e-01 9.35162098e-01
4.83870968e-02 6.29032258e-01 8.96774190e-01
8.06451613e-02 6.29032258e-01 8.58431145e-01
1.12903226e-01 6.29032258e-01 8.24836194e-01
1.45161290e-01 6.29032258e-01 7.95374879e-01
1.77419355e-01 6.29032258e-01 7.69027089e-01
2.09677419e-01 6.29032258e-01 7.45165449e-01
2.41935484e-01 6.29032258e-01 7.23400109e-01
2.74193548e-01 6.29032258e-01 7.03495355e-01
3.06451613e-01 6.29032258e-01 6.85305863e-01
3.38709677e-01 6.29032258e-01 6.68728171e-01
3.70967742e-01 6.29032258e-01 6.53669054e-01
4.03225806e-01 6.29032258e-01 6.40029570e-01
4.35483871e-01 6.29032258e-01 6.27700698e-01
4.67741935e-01 6.29032258e-01 6.16565707e-01
5.00000000e-01 6.29032258e-01 6.06505225e-01
5.32258065e-01 6.29032258e-01 5.97402277e-01
5.64516129e-01 6.29032258e-01 5.89145825e-01
5.96774194e-01 6.29032258e-01 5.81632231e-01
6.29032258e-01 6.29032258e-01 5.74764598e-01
6.61290323e-01 6.29032258e-01 5.68450346e-01
6.93548387e-01 6.29032258e-01 5.62596916e-01
7.25806452e-01 6.29032258e-01 5.57108505e-01
7.58064516e-01 6.29032258e-01 5.51878963e-01
7.90322581e-01 6.29032258e-01 5.46811239e-01
8.22580645e-01 6.29032258e-01 5.41751661e-01
8.54838710e-01 6.29032258e-01 5.36487137e-01
8.87096774e-01 6.29032258e-01 5.30805967e-01
9.19354839e-01 6.29032258e-01 5.24397226e-01
9.51612903e-01 6.29032258e-01 5.17250825e-01
9.83870968e-01 6.29032258e-01 5.09879014e-01
1.00000000e+00 6.29032258e-01 5.00000000e-01
0.00000000e+00 6.61290323e-01 1.00000000e+00
1.61290323e-02 6.61290323e-01 9.34515529e-01
4.83870968e-02 6.61290323e-01 8.95719498e-01
8.06451613e-02 6.61290323e-01 8.56926542e-01
1.12903226e-01 6.61290323e-01 8.22950703e-01
1.45161290e-01 6.61290323e-01 7.93192211e-01
1.77419355e-01 6.61290323e-01 7.66628637e-01
2.09677419e-01 6.61290323e-01 7.42630306e-01
2.41935484e-01 6.61290323e-01 7.20801718e-01
2.74193548e-01 6.61290323e-01 7.00897419e-01
3.06451613e-01 6.61290323e-01 6.82759533e-01
3.38709677e-01 6.61290323e-01 6.66271317e-01
3.70967742e-01 6.61290323e-01 6.51327437e-01
4.03225806e-01 6.61290323e-01 6.37819181e-01
4.35483871e-01 6.61290323e-01 6.25630426e-01
4.67741935e-01 6.61290323e-01 6.14639709e-01
5.00000000e-01 6.61290323e-01 6.04724672e-01
5.32258065e-01 6.61290323e-01 5.95766424e-01
5.64516129e-01 6.61290323e-01 5.87652530e-01
5.96774194e-01 6.61290323e-01 5.80278138e-01
6.29032258e-01 6.61290323e-01 5.73545175e-01
6.61290323e-01 6.61290323e-01 5.67359966e-01
6.93548387e-01 6.61290323e-01 5.61628998e-01
7.25806452e-01 6.61290323e-01 5.56256017e-01
7.58064516e-01 6.61290323e-01 5.51134615e-01
7.90322581e-01 6.61290323e-01 5.46169554e-01
8.22580645e-01 6.61290323e-01 5.41204903e-01
8.54838710e-01 6.61290323e-01 5.36032793e-01
8.87096774e-01 6.61290323e-01 5.30442330e-01
9.19354839e-01 6.61290323e-01 5.24125434e-01
9.51612903e-01 6.61290323e-01 5.17069134e-01
9.83870968e-01 6.61290323e-01 5.09781121e-01
1.00000000e+00 6.61290323e-01 5.00000000e-01
0.00000000e+00 6.93548387e-01 1.00000000e+00
1.61290323e-02 6.93548387e-01 9.33567949e-01
4.83870968e-02 6.93548387e-01 8.94214664e-01
8.06451613e-02 6.93548387e-01 8.54797197e-01
1.12903226e-01 6.93548387e-01 8.20305532e-01
1.45161290e-01 6.93548387e-01 7.90157814e-01
1.77419355e-01 6.93548387e-01 7.63325413e-01
2.09677419e-01 6.93548387e-01 7.39171148e-01
2.41935484e-01 6.93548387e-01 7.17287480e-01
2.74193548e-01 6.93548387e-01 6.97412498e-01
3.06451613e-01 6.93548387e-01 6.79369549e-01
3.38709677e-01 6.93548387e-01 6.63023330e-01
3.70967742e-01 6.93548387e-01 6.48252128e-01
4.03225806e-01 6.93548387e-01 6.34934070e-01
4.35483871e-01 6.93548387e-01 6.22943285e-01
4.67741935e-01 6.93548387e-01 6.12151592e-01
5.00000000e-01 6.93548387e-01 6.02432275e-01
5.32258065e-01 6.93548387e-01 5.93663746e-01
5.64516129e-01 6.93548387e-01 5.85731933e-01
5.96774194e-01 6.93548387e-01 5.78530996e-01
6.29032258e-01 6.93548387e-01 5.71962276e-01
6.61290323e-01 6.93548387e-01 5.65931836e-01
6.93548387e-01 6.93548387e-01 5.60346206e-01
7.25806452e-01 6.93548387e-01 5.55109706e-01
7.58064516e-01 6.93548387e-01 5.50116787e-01
7.90322581e-01 6.93548387e-01 5.45274545e-01
8.22580645e-01 6.93548387e-01 5.40426841e-01
8.54838710e-01 6.93548387e-01 5.35371635e-01
8.87096774e-01 6.93548387e-01 5.29900415e-01
9.19354839e-01 6.93548387e-01 5.23709749e-01
9.51612903e-01 6.93548387e-01 5.16784049e-01
9.83870968e-01 6.93548387e-01 5.09622371e-01
1.00000000e+00 6.93548387e-01 5.00000000e-01
0.00000000e+00 7.25806452e-01 1.00000000e+00
1.61290323e-02 7.25806452e-01 9.32164849e-01
4.83870968e-02 7.25806452e-01 8.92058610e-01
8.06451613e-02 7.25806452e-01 8.51782882e-01
1.12903226e-01 7.25806452e-01 8.16606041e-01
1.45161290e-01 7.25806452e-01 7.85964716e-01
1.77419355e-01 7.25806452e-01 7.58815689e-01
2.09677419e-01 7.25806452e-01 7.34503643e-01
2.41935484e-01 7.25806452e-01 7.12597353e-01
2.74193548e-01 7.25806452e-01 6.92807517e-01
3.06451613e-01 7.25806452e-01 6.74929585e-01
3.38709677e-01 7.25806452e-01 6.58802654e-01
3.70967742e-01 7.25806452e-01 6.44283410e-01
4.03225806e-01 7.25806452e-01 6.31233021e-01
4.35483871e-01 7.25806452e-01 6.19513163e-01
4.67741935e-01 7.25806452e-01 6.08987115e-01
5.00000000e-01 7.25806452e-01 5.99522770e-01
5.32258065e-01 7.25806452e-01 5.90995505e-01
5.64516129e-01 7.25806452e-01 5.83289887e-01
5.96774194e-01 7.25806452e-01 5.76299845e-01
6.29032258e-01 7.25806452e-01 5.69927239e-01
6.61290323e-01 7.25806452e-01 5.64079187e-01
6.93548387e-01 7.25806452e-01 5.58663699e-01
7.25806452e-01 7.25806452e-01 5.53587023e-01
7.58064516e-01 7.25806452e-01 5.48745921e-01
7.90322581e-01 7.25806452e-01 5.44050270e-01
8.22580645e-01 7.25806452e-01 5.39346685e-01
8.54838710e-01 7.25806452e-01 5.34439270e-01
8.87096774e-01 7.25806452e-01 5.29123985e-01
9.19354839e-01 7.25806452e-01 5.23104320e-01
9.51612903e-01 7.25806452e-01 5.16362391e-01
9.83870968e-01 7.25806452e-01 5.09383525e-01
1.00000000e+00 7.25806452e-01 5.00000000e-01
0.00000000e+00 7.58064516e-01 1.00000000e+00
1.61290323e-02 7.58064516e-01 9.30042990e-01
4.83870968e-02 7.58064516e-01 8.88916660e-01
8.06451613e-02 7.58064516e-01 8.47463789e-01
1.12903226e-01 7.58064516e-01 8.11390002e-01
1.45161290e-01 7.58064516e-01 7.80143764e-01
1.77419355e-01 7.58064516e-01 7.52649305e-01
2.09677419e-01 7.58064516e-01 7.28212201e-01
2.41935484e-01 7.58064516e-01 7.06357096e-01
2.74193548e-01 7.58064516e-01 6.86750191e-01
3.06451613e-01 7.58064516e-01 6.69146246e-01
3.38709677e-01 7.58064516e-01 6.53349902e-01
3.70967742e-01 7.58064516e-01 6.39190443e-01
4.03225806e-01 7.58064516e-01 6.26508445e-01
4.35483871e-01 7.58064516e-01 6.15151015e-01
4.67741935e-01 7.58064516e-01 6.04971896e-01
5.00000000e-01 7.58064516e-01 5.95833435e-01
5.32258065e-01 7.58064516e-01 5.87608486e-01
5.64516129e-01 7.58064516e-01 5.80181270e-01
5.96774194e-01 7.58064516e-01 5.73446845e-01
6.29032258e-01 7.58064516e-01 5.67309165e-01
6.61290323e-01 7.58064516e-01 5.61678058e-01
6.93548387e-01 7.58064516e-01 5.56464692e-01
7.25806452e-01 7.58064516e-01 5.51578763e-01
7.58064516e-01 7.58064516e-01 5.46920943e-01
7.90322581e-01 7.58064516e-01 5.42404243e-01
8.22580645e-01 7.58064516e-01 5.37881582e-01
8.54838710e-01 7.58064516e-01 5.33163374e-01
8.87096774e-01 7.58064516e-01 5.28052500e-01
9.19354839e-01 7.58064516e-01 5.22261982e-01
9.51612903e-01 7.58064516e-01 5.15771543e-01
9.83870968e-01 7.58064516e-01 5.09047207e-01
1.00000000e+00 7.58064516e-01 5.00000000e-01
0.00000000e+00 7.90322581e-01 1.00000000e+00
1.61290323e-02 7.90322581e-01 9.26748653e-01
4.83870968e-02 7.90322581e-01 8.84223068e-01
8.06451613e-02 7.90322581e-01 8.41155995e-01
1.12903226e-01 7.90322581e-01 8.03929865e-01
1.45161290e-01 7.90322581e-01 7.71980303e-01
1.77419355e-01 7.90322581e-01 7.44160198e-01
2.09677419e-01 7.90322581e-01 7.19695924e-01
2.41935484e-01 7.90322581e-01 6.98034005e-01
2.74193548e-01 7.90322581e-01 6.78771280e-01
3.06451613e-01 7.90322581e-01 6.61605540e-01
3.38709677e-01 7.90322581e-01 6.46297249e-01
3.70967742e-01 7.90322581e-01 6.32643038e-01
4.03225806e-01 7.90322581e-01 6.20460523e-01
4.35483871e-01 7.90322581e-01 6.09581679e-01
4.67741935e-01 7.90322581e-01 5.99851258e-01
5.00000000e-01 7.90322581e-01 5.91127285e-01
5.32258065e-01 7.90322581e-01 5.83281708e-01
5.64516129e-01 7.90322581e-01 5.76200204e-01
5.96774194e-01 7.90322581e-01 5.69780830e-01
6.29032258e-01 7.90322581e-01 5.63931476e-01
6.61290323e-01 7.90322581e-01 5.58566432e-01
6.93548387e-01 7.90322581e-01 5.53601705e-01
7.25806452e-01 7.90322581e-01 5.48951933e-01
7.58064516e-01 7.90322581e-01 5.44523289e-01
7.90322581e-01 7.90322581e-01 5.40232272e-01
8.22580645e-01 7.90322581e-01 5.35941787e-01
8.54838710e-01 7.90322581e-01 5.31468996e-01
8.87096774e-01 7.90322581e-01 5.26626308e-01
9.19354839e-01 7.90322581e-01 5.21139078e-01
9.51612903e-01 7.90322581e-01 5.14983427e-01
9.83870968e-01 7.90322581e-01 5.08600858e-01
1.00000000e+00 7.90322581e-01 5.00000000e-01
0.00000000e+00 8.22580645e-01 1.00000000e+00
1.61290323e-02 8.22580645e-01 9.21490877e-01
4.83870968e-02 8.22580645e-01 8.77005544e-01
8.06451613e-02 8.22580645e-01 8.31733966e-01
1.12903226e-01 8.22580645e-01 7.93079486e-01
1.45161290e-01 8.22580645e-01 7.60394062e-01
1.77419355e-01 8.22580645e-01 7.32375819e-01
2.09677419e-01 8.22580645e-01 7.08099366e-01
2.41935484e-01 8.22580645e-01 6.86881532e-01
2.74193548e-01 8.22580645e-01 6.68218067e-01
3.06451613e-01 8.22580645e-01 6.51732489e-01
3.38709677e-01 8.22580645e-01 6.37133008e-01
3.70967742e-01 8.22580645e-01 6.24180976e-01
4.03225806e-01 8.22580645e-01 6.12671470e-01
4.35483871e-01 8.22580645e-01 6.02423326e-01
4.67741935e-01 8.22580645e-01 5.93274981e-01
5.00000000e-01 8.22580645e-01 5.85082974e-01
5.32258065e-01 8.22580645e-01 5.77721048e-01
5.64516129e-01 8.22580645e-01 5.71078777e-01
5.96774194e-01 8.22580645e-01 5.65059345e-01
6.29032258e-01 8.22580645e-01 5.59576418e-01
6.61290323e-01 8.22580645e-01 5.54550370e-01
6.93548387e-01 8.22580645e-01 5.49903553e-01
7.25806452e-01 8.22580645e-01 5.45556931e-01
7.58064516e-01 8.22580645e-01 5.41423713e-01
7.90322581e-01 8.22580645e-01 5.37424531e-01
8.22580645e-01 8.22580645e-01 5.33435675e-01
8.54838710e-01 8.22580645e-01 5.29282465e-01
8.87096774e-01 8.22580645e-01 5.24789564e-01
9.19354839e-01 8.22580645e-01 5.19697615e-01
9.51612903e-01 8.22580645e-01 5.13976056e-01
9.83870968e-01 8.22580645e-01 5.08038081e-01
1.00000000e+00 8.22580645e-01 5.00000000e-01
0.00000000e+00 8.54838710e-01 1.00000000e+00
1.61290323e-02 8.54838710e-01 9.12876070e-01
4.83870968e-02 8.54838710e-01 8.65563608e-01
8.06451613e-02 8.54838710e-01 8.17328949e-01
1.12903226e-01 8.54838710e-01 7.77042352e-01
1.45161290e-01 8.54838710e-01 7.43776962e-01
1.77419355e-01 8.54838710e-01 7.15904727e-01
2.09677419e-01 8.54838710e-01 6.92230725e-01
2.41935484e-01 8.54838710e-01 6.71875806e-01
2.74193548e-01 8.54838710e-01 6.54202852e-01
3.06451613e-01 8.54838710e-01 6.38748912e-01
3.38709677e-01 8.54838710e-01 6.25167811e-01
3.70967742e-01 8.54838710e-01 6.13188341e-01
4.03225806e-01 8.54838710e-01 6.02587796e-01
4.35483871e-01 8.54838710e-01 5.93177170e-01
4.67741935e-01 8.54838710e-01 5.84793623e-01
5.00000000e-01 8.54838710e-01 5.77296588e-01
5.32258065e-01 8.54838710e-01 5.70565193e-01
5.64516129e-01 8.54838710e-01 5.64495733e-01
5.96774194e-01 8.54838710e-01 5.58998706e-01
6.29032258e-01 8.54838710e-01 5.53995294e-01
6.61290323e-01 8.54838710e-01 5.49413413e-01
6.93548387e-01 8.54838710e-01 5.45183152e-01
7.25806452e-01 8.54838710e-01 5.41233220e-01
7.58064516e-01 8.54838710e-01 5.37485534e-01
7.90322581e-01 8.54838710e-01 5.33866211e-01
8.22580645e-01 8.54838710e-01 5.30267869e-01
8.54838710e-01 8.54838710e-01 5.26527277e-01
8.87096774e-01 8.54838710e-01 5.22484525e-01
9.19354839e-01 8.54838710e-01 5.17899104e-01
9.51612903e-01 8.54838710e-01 5.12728260e-01
9.83870968e-01 8.54838710e-01 5.07355747e-01
1.00000000e+00 8.54838710e-01 5.00000000e-01
0.00000000e+00 8.87096774e-01 1.00000000e+00
1.61290323e-02 8.87096774e-01 8.98425483e-01
4.83870968e-02 8.87096774e-01 8.46862782e-01
8.06451613e-02 8.87096774e-01 7.94827272e-01
1.12903226e-01 8.87096774e-01 7.53051180e-01
1.45161290e-01 8.87096774e-01 7.19802814e-01
1.77419355e-01 8.87096774e-01 6.92819246e-01
2.09677419e-01 8.87096774e-01 6.70482792e-01
2.41935484e-01 8.87096774e-01 6.51658799e-01
2.74193548e-01 8.87096774e-01 6.35561965e-01
3.06451613e-01 8.87096774e-01 6.21645641e-01
3.38709677e-01 8.87096774e-01 6.09518500e-01
3.70967742e-01 8.87096774e-01 5.98887580e-01
4.03225806e-01 8.87096774e-01 5.89522748e-01
4.35483871e-01 8.87096774e-01 5.81236219e-01
4.67741935e-01 8.87096774e-01 5.73871340e-01
5.00000000e-01 8.87096774e-01 5.67296319e-01
5.32258065e-01 8.87096774e-01 5.61400127e-01
5.64516129e-01 8.87096774e-01 5.56089096e-01
5.96774194e-01 8.87096774e-01 5.51283517e-01
6.29032258e-01 8.87096774e-01 5.46914025e-01
6.61290323e-01 8.87096774e-01 5.42917765e-01
6.93548387e-01 8.87096774e-01 5.39234232e-01
7.25806452e-01 8.87096774e-01 5.35801752e-01
7.58064516e-01 8.87096774e-01 5.32553124e-01
7.90322581e-01 8.87096774e-01 5.29422460e-01
8.22580645e-01 8.87096774e-01 5.26321304e-01
8.54838710e-01 8.87096774e-01 5.23103822e-01
8.87096774e-01 8.87096774e-01 5.19630071e-01
9.19354839e-01 8.87096774e-01 5.15684006e-01
9.51612903e-01 8.87096774e-01 5.11203379e-01
9.83870968e-01 8.87096774e-01 5.06544930e-01
1.00000000e+00 8.87096774e-01 5.00000000e-01
0.00000000e+00 9.19354839e-01 1.00000000e+00
1.61290323e-02 9.19354839e-01 8.73702701e-01
4.83870968e-02 9.19354839e-01 8.15331719e-01
8.06451613e-02 9.19354839e-01 7.59077333e-01
1.12903226e-01 9.19354839e-01 7.16975545e-01
1.45161290e-01 9.19354839e-01 6.85232330e-01
1.77419355e-01 9.19354839e-01 6.60544605e-01
2.09677419e-01 9.19354839e-01 6.40762301e-01
2.41935484e-01 9.19354839e-01 6.24493198e-01
2.74193548e-01 9.19354839e-01 6.10829905e-01
3.06451613e-01 9.19354839e-01 5.99171505e-01
3.38709677e-01 9.19354839e-01 5.89107702e-01
3.70967742e-01 9.19354839e-01 5.80345507e-01
4.03225806e-01 9.19354839e-01 5.72664825e-01
4.35483871e-01 9.19354839e-01 5.65892845e-01
4.67741935e-01 9.19354839e-01 5.59889746e-01
5.00000000e-01 9.19354839e-01 5.54540621e-01
5.32258065e-01 9.19354839e-01 5.49750428e-01
5.64516129e-01 9.19354839e-01 5.45440189e-01
5.96774194e-01 9.19354839e-01 5.41543600e-01
6.29032258e-01 9.19354839e-01 5.38003691e-01
6.61290323e-01 9.19354839e-01 5.34769444e-01
6.93548387e-01 9.19354839e-01 5.31792287e-01
7.25806452e-01 9.19354839e-01 5.29022920e-01
7.58064516e-01 9.19354839e-01 5.26408052e-01
7.90322581e-01 9.19354839e-01 5.23893604e-01
8.22580645e-01 9.19354839e-01 5.21412562e-01
8.54838710e-01 9.19354839e-01 5.18845221e-01
8.87096774e-01 9.19354839e-01 5.16078717e-01
9.19354839e-01 9.19354839e-01 5.12931982e-01
9.51612903e-01 9.19354839e-01 5.09319704e-01
9.83870968e-01 9.19354839e-01 5.05576613e-01
1.00000000e+00 9.19354839e-01 5.00000000e-01
0.00000000e+00 9.51612903e-01 1.00000000e+00
1.61290323e-02 9.51612903e-01 8.30818382e-01
4.83870968e-02 9.51612903e-01 7.60617407e-01
8.06451613e-02 9.51612903e-01 7.03054777e-01
1.12903226e-01 9.51612903e-01 6.64756770e-01
1.45161290e-01 9.51612903e-01 6.37769644e-01
1.77419355e-01 9.51612903e-01 6.17799733e-01
2.09677419e-01 9.51612903e-01 6.02386126e-01
2.41935484e-01 9.51612903e-01 5.90053245e-01
2.74193548e-01 9.51612903e-01 5.79894804e-01
3.06451613e-01 9.51612903e-01 5.71341615e-01
3.38709677e-01 9.51612903e-01 5.64024349e-01
3.70967742e-01 9.51612903e-01 5.57691850e-01
4.03225806e-01 9.51612903e-01 5.52163549e-01
4.35483871e-01 9.51612903e-01 5.47302643e-01
4.67741935e-01 9.51612903e-01 5.43001369e-01
5.00000000e-01 9.51612903e-01 5.39172878e-01
5.32258065e-01 9.51612903e-01 5.35746391e-01
5.64516129e-01 9.51612903e-01 5.32663831e-01
5.96774194e-01 9.51612903e-01 5.29877029e-01
6.29032258e-01 9.51612903e-01 5.27345108e-01
6.61290323e-01 9.51612903e-01 5.25031912e-01
6.93548387e-01 9.51612903e-01 5.22903417e-01
7.25806452e-01 9.51612903e-01 5.20925302e-01
7.58064516e-01 9.51612903e-01 5.19060739e-01
7.90322581e-01 9.51612903e-01 5.17271354e-01
8.22580645e-01 9.51612903e-01 5.15512307e-01
8.54838710e-01 9.51612903e-01 5.13698353e-01
8.87096774e-01 9.51612903e-01 5.11750434e-01
9.19354839e-01 9.51612903e-01 5.09540846e-01
9.51612903e-01 9.51612903e-01 5.06986985e-01
9.83870968e-01 9.51612903e-01 5.04399161e-01
1.00000000e+00 9.51612903e-01 5.00000000e-01
0.00000000e+00 9.83870968e-01 1.00000000e+00
1.61290323e-02 9.83870968e-01 7.58728288e-01
4.83870968e-02 9.83870968e-01 6.86994978e-01
8.06451613e-02 9.83870968e-01 6.39066461e-01
1.12903226e-01 9.83870968e-01 6.07913202e-01
1.45161290e-01 9.83870968e-01 5.86994261e-01
1.77419355e-01 9.83870968e-01 5.72378956e-01
2.09677419e-01 9.83870968e-01 5.61721510e-01
2.41935484e-01 9.83870968e-01 5.53612010e-01
2.74193548e-01 9.83870968e-01 5.47198056e-01
3.06451613e-01 9.83870968e-01 5.41959621e-01
3.38709677e-01 9.83870968e-01 5.37573508e-01
3.70967742e-01 9.83870968e-01 5.33832193e-01
4.03225806e-01 9.83870968e-01 5.30596177e-01
4.35483871e-01 9.83870968e-01 5.27766703e-01
4.67741935e-01 9.83870968e-01 5.25270502e-01
5.00000000e-01 9.83870968e-01 5.23051284e-01
5.32258065e-01 9.83870968e-01 5.21064847e-01
5.64516129e-01 9.83870968e-01 5.19275976e-01
5.96774194e-01 9.83870968e-01 5.17656200e-01
6.29032258e-01 9.83870968e-01 5.16181953e-01
6.61290323e-01 9.83870968e-01 5.14832925e-01
6.93548387e-01 9.83870968e-01 5.13590537e-01
7.25806452e-01 9.83870968e-01 5.12436550e-01
7.58064516e-01 9.83870968e-01 5.11351742e-01
7.90322581e-01 9.83870968e-01 5.10314846e-01
8.22580645e-01 9.83870968e-01 5.09300092e-01
8.54838710e-01 9.83870968e-01 5.08269096e-01
8.87096774e-01 9.83870968e-01 5.07179697e-01
9.19354839e-01 9.83870968e-01 5.05974260e-01
9.51612903e-01 9.83870968e-01 5.04594912e-01
9.83870968e-01 9.83870968e-01 5.03052408e-01
1.00000000e+00 9.83870968e-01 5.00000000e-01
0.00000000e+00 1.00000000e+00 7.50000000e-01
1.61290323e-02 1.00000000e+00 5.00000000e-01
4.83870968e-02 1.00000000e+00 5.00000000e-01
8.06451613e-02 1.00000000e+00 5.00000000e-01
1.12903226e-01 1.00000000e+00 5.00000000e-01
1.45161290e-01 1.00000000e+00 5.00000000e-01
1.77419355e-01 1.00000000e+00 5.00000000e-01
2.09677419e-01 1.00000000e+00 5.00000000e-01
2.41935484e-01 1.00000000e+00 5.00000000e-01
2.74193548e-01 1.00000000e+00 5.00000000e-01
3.06451613e-01 1.00000000e+00 5.00000000e-01
3.38709677e-01 1.00000000e+00 5.00000000e-01
3.70967742e-01 1.00000000e+00 5.00000000e-01
4.03225806e-01 1.00000000e+00 5.00000000e-01
4.35483871e-01 1.00000000e+00 5.00000000e-01
4.67741935e-01 1.00000000e+00 5.00000000e-01
5.00000000e-01 1.00000000e+00 5.00000000e-01
5.32258065e-01 1.00000000e+00 5.00000000e-01
5.64516129e-01 1.00000000e+00 5.00000000e-01
5.96774194e-01 1.00000000e+00 5.00000000e-01
6.29032258e-01 1.00000000e+00 5.00000000e-01
6.61290323e-01 1.00000000e+00 5.00000000e-01
6.93548387e-01 1.00000000e+00 5.00000000e-01
7.25806452e-01 1.00000000e+00 5.00000000e-01
7.58064516e-01 1.00000000e+00 5.00000000e-01
7.90322581e-01 1.00000000e+00 5.00000000e-01
8.22580645e-01 1.00000000e+00 5.00000000e-01
8.54838710e-01 1.00000000e+00 5.00000000e-01
8.87096774e-01 1.00000000e+00 5.00000000e-01
9.19354839e-01 1.00000000e+00 5.00000000e-01
9.51612903e-01 1.00000000e+00 5.00000000e-01
9.83870968e-01 1.00000000e+00 5.00000000e-01
1.00000000e+00 1.00000000e+00 5.00000000e-01
